version https://git-lfs.github.com/spec/v1
oid sha256:4e8de07a47b32e8cecb3deef084b20d4574fed09847e8a7e86d14e8f90f3a34f
size 246593
